<svg xmlns="http://www.w3.org/2000/svg" viewBox="0 0 1920 911" preserveAspectRatio="xMidYMid" width="1920" height="911" xmlns:xlink="http://www.w3.org/1999/xlink" style="shape-rendering:auto;display:block;background-position-x:0%;background-position-y:0%;background-size:auto;background-origin:padding-box;background-clip:border-box;background:scroll rgb(253, 250, 241) none  repeat;width:1920px;height:911px;;animation:none"><g><style type="text/css">@keyframes ld-fall {
    0%    { transform: translate(0,0px) rotate3d(1,1,1,0deg); }
    16.6% { transform: translate(0,153.83333333333334px) rotate3d(1,1,1,180deg); }
    33.3% { transform: translate(0,307.6666666666667px) rotate3d(1,1,1,360deg); }
    50.0% { transform: translate(0,461.5px) rotate3d(1,1,1,540deg); }
    66.6% { transform: translate(0,615.3333333333334px) rotate3d(1,1,1,720deg); }
    83.3% { transform: translate(0,769.1666666666666px) rotate3d(1,1,1,900deg); }
    100%  { transform: translate(0,923px) rotate3d(1,1,1,1080deg) ; }
  }
  .ld.ld-fall {
    animation: ld-fall 4s linear infinite;
  }
  .ld.ld-fall2 {
    animation: ld-fall 4s linear infinite;
    animation-fill-mode: forwards;
  }</style>

  
<g transform="matrix(1,0,0,1,0,752.2435913085938)" style="transform:matrix(1, 0, 0, 1, 0, 752.244);;animation:none"><g transform="matrix(1,0,0,1,1717.769287109375,0)" style="transform:matrix(1, 0, 0, 1, 1717.77, 0);;animation:none"><g class="ld ld-fall2" style="animation-delay:-3.91151s;animation-duration:4s;animation-play-state:paused;transform:matrix3d(0.943097, -0.204947, 0.26185, 0, 0.26185, 0.943097, -0.204947, 0, -0.204947, 0.26185, 0.943097, 0, 0, 902.622, 0, 1);;animation:none"><rect fill="#a3e048" height="10.485251486549897" width="8.359040642939725" y="-5.242625743274949" x="-4.179520321469862" style="transform:matrix(3.09343, 0, 0, 3.09343, 0, 0);fill:rgb(163, 224, 72);;animation:none"></rect></g></g>
<g transform="matrix(1,0,0,1,794.0107421875,0)" style="transform:matrix(1, 0, 0, 1, 794.011, 0);;animation:none"><g class="ld ld-fall2" style="animation-delay:-0.688237s;animation-duration:4s;animation-play-state:paused;transform:matrix3d(-0.329007, 0.598836, 0.730171, 0, 0.730171, -0.329007, 0.598836, 0, 0.598836, 0.730171, -0.329007, 0, 0, 159.415, 0, 1);;animation:none"><rect fill="#4355db" height="7.408926600079479" width="10.685950511699318" y="-3.7044633000397393" x="-5.342975255849659" style="transform:matrix(3.19938, 0, 0, 3.19938, 0, 0);fill:rgb(67, 85, 219);;animation:none"></rect></g></g>
<g transform="matrix(1,0,0,1,122.83800506591797,0)" style="transform:matrix(1, 0, 0, 1, 122.838, 0);;animation:none"><g class="ld ld-fall2" style="animation-delay:-1.60906s;animation-duration:2s;animation-play-state:paused;transform:matrix3d(-0.239983, 0.914634, 0.325349, 0, 0.325349, -0.239983, 0.914634, 0, 0.914634, 0.325349, -0.239983, 0, 0, 742.941, 0, 1);;animation:none"><rect fill="#eb7532" height="8.845119245362067" width="11.098743968983523" y="-4.4225596226810335" x="-5.549371984491762" style="transform:matrix(3.35618, 0, 0, 3.35618, 0, 0);fill:rgb(235, 117, 50);;animation:none"></rect></g></g>
<g transform="matrix(1,0,0,1,1719.584716796875,0)" style="transform:matrix(1, 0, 0, 1, 1719.58, 0);;animation:none"><g class="ld ld-fall2" style="animation-delay:-0.853741s;animation-duration:2s;animation-play-state:paused;transform:matrix3d(0.204097, 0.964349, -0.168447, 0, -0.168447, 0.204097, 0.964349, 0, 0.964349, -0.168447, 0.204097, 0, 0, 394.136, 0, 1);;animation:none"><rect fill="#4355db" height="8.481009958634184" width="9.945282484905848" y="-4.240504979317092" x="-4.972641242452924" style="transform:matrix(1.52424, 0, 0, 1.52424, 0, 0);fill:rgb(67, 85, 219);;animation:none"></rect></g></g>
<g transform="matrix(1,0,0,1,914.5466918945312,0)" style="transform:matrix(1, 0, 0, 1, 914.547, 0);;animation:none"><g class="ld ld-fall2" style="animation-delay:-3.11059s;animation-duration:4s;animation-play-state:paused;transform:matrix3d(-0.00340635, 0.999988, 0.00341799, 0, 0.00341799, -0.00340635, 0.999988, 0, 0.999988, 0.00341799, -0.00340635, 0, 0, 718.178, 0, 1);;animation:none"><rect fill="#d23be7" height="7.1600256873779085" width="8.286952781489752" y="-3.5800128436889542" x="-4.143476390744876" style="transform:matrix(1.6819, 0, 0, 1.6819, 0, 0);fill:rgb(210, 59, 231);;animation:none"></rect></g></g>
<g transform="matrix(1,0,0,1,1815.892822265625,0)" style="transform:matrix(1, 0, 0, 1, 1815.89, 0);;animation:none"><g class="ld ld-fall2" style="animation-delay:-0.977186s;animation-duration:2s;animation-play-state:paused;transform:matrix3d(-0.318043, 0.781965, 0.536078, 0, 0.536078, -0.318043, 0.781965, 0, 0.781965, 0.536078, -0.318043, 0, 0, 450.992, 0, 1);;animation:none"><rect fill="#4355db" height="9.662433965107141" width="7.212244191752564" y="-4.8312169825535705" x="-3.606122095876282" style="transform:matrix(2.86961, 0, 0, 2.86961, 0, 0);fill:rgb(67, 85, 219);;animation:none"></rect></g></g>
<g transform="matrix(1,0,0,1,412.3966979980469,0)" style="transform:matrix(1, 0, 0, 1, 412.397, 0);;animation:none"><g class="ld ld-fall2" style="animation-delay:-1.77152s;animation-duration:4s;animation-play-state:paused;transform:matrix3d(0.0159074, 0.999751, -0.0156582, 0, -0.0156582, 0.0159074, 0.999751, 0, 0.999751, -0.0156582, 0.0159074, 0, 0, 408.883, 0, 1);;animation:none"><rect fill="#d23be7" height="9.123641465391708" width="10.90075573439506" y="-4.561820732695854" x="-5.45037786719753" style="transform:matrix(2.05616, 0, 0, 2.05616, 0, 0);fill:rgb(210, 59, 231);;animation:none"></rect></g></g>
<g transform="matrix(1,0,0,1,655.112060546875,0)" style="transform:matrix(1, 0, 0, 1, 655.112, 0);;animation:none"><g class="ld ld-fall2" style="animation-delay:-0.379539s;animation-duration:2s;animation-play-state:paused;transform:matrix3d(-0.267789, 0.384249, 0.883539, 0, 0.883539, -0.267789, 0.384249, 0, 0.384249, 0.883539, -0.267789, 0, 0, 175.729, 0, 1);;animation:none"><rect fill="#34bbe6" height="11.224555939658291" width="10.02408012637714" y="-5.612277969829146" x="-5.01204006318857" style="transform:matrix(1.86939, 0, 0, 1.86939, 0, 0);fill:rgb(52, 187, 230);;animation:none"></rect></g></g>
<g transform="matrix(1,0,0,1,835.1155395507812,0)" style="transform:matrix(1, 0, 0, 1, 835.116, 0);;animation:none"><g class="ld ld-fall2" style="animation-delay:-1.23501s;animation-duration:4s;animation-play-state:paused;transform:matrix3d(0.931839, -0.220235, 0.288396, 0, 0.288396, 0.931839, -0.220235, 0, -0.220235, 0.288396, 0.931839, 0, 0, 285.331, 0, 1);;animation:none"><rect fill="#e6261f" height="9.162920482196062" width="9.981799947797679" y="-4.581460241098031" x="-4.9908999738988395" style="transform:matrix(1.952, 0, 0, 1.952, 0, 0);fill:rgb(230, 38, 31);;animation:none"></rect></g></g>
<g transform="matrix(1,0,0,1,1883.1427001953125,0)" style="transform:matrix(1, 0, 0, 1, 1883.14, 0);;animation:none"><g class="ld ld-fall2" style="animation-delay:-2.27012s;animation-duration:4s;animation-play-state:paused;transform:matrix3d(0.140927, -0.123246, 0.982319, 0, 0.982319, 0.140927, -0.123246, 0, -0.123246, 0.982319, 0.140927, 0, 0, 524.081, 0, 1);;animation:none"><rect fill="#a3e048" height="10.588256955135337" width="6.935842662331415" y="-5.294128477567669" x="-3.4679213311657073" style="transform:matrix(2.99379, 0, 0, 2.99379, 0, 0);fill:rgb(163, 224, 72);;animation:none"></rect></g></g>
<g transform="matrix(1,0,0,1,623.0783081054688,0)" style="transform:matrix(1, 0, 0, 1, 623.078, 0);;animation:none"><g class="ld ld-fall2" style="animation-delay:-1.3428s;animation-duration:2s;animation-play-state:paused;transform:matrix3d(0.996563, 0.0602674, -0.0568306, 0, -0.0568306, 0.996563, 0.0602674, 0, 0.0602674, -0.0568306, 0.996563, 0, 0, 620.308, 0, 1);;animation:none"><rect fill="#34bbe6" height="8.043652487001772" width="10.834488006184076" y="-4.021826243500886" x="-5.417244003092038" style="transform:matrix(2.78554, 0, 0, 2.78554, 0, 0);fill:rgb(52, 187, 230);;animation:none"></rect></g></g>
<g transform="matrix(1,0,0,1,972.1256103515625,0)" style="transform:matrix(1, 0, 0, 1, 972.126, 0);;animation:none"><g class="ld ld-fall2" style="animation-delay:-1.75615s;animation-duration:2s;animation-play-state:paused;transform:matrix3d(-0.107682, 0.120872, 0.98681, 0, 0.98681, -0.107682, 0.120872, 0, 0.120872, 0.98681, -0.107682, 0, 0, 810.688, 0, 1);;animation:none"><rect fill="#e6261f" height="6.88879899835128" width="9.863166696830817" y="-3.44439949917564" x="-4.931583348415408" style="transform:matrix(1.78947, 0, 0, 1.78947, 0, 0);fill:rgb(230, 38, 31);;animation:none"></rect></g></g>
<g transform="matrix(1,0,0,1,1391.2095947265625,0)" style="transform:matrix(1, 0, 0, 1, 1391.21, 0);;animation:none"><g class="ld ld-fall2" style="animation-delay:-1.29399s;animation-duration:2s;animation-play-state:paused;transform:matrix3d(0.957341, -0.18188, 0.224539, 0, 0.224539, 0.957341, -0.18188, 0, -0.18188, 0.224539, 0.957341, 0, 0, 597.721, 0, 1);;animation:none"><rect fill="#a3e048" height="7.824028473987837" width="6.088687367219395" y="-3.9120142369939184" x="-3.0443436836096973" style="transform:matrix(1.95102, 0, 0, 1.95102, 0, 0);fill:rgb(163, 224, 72);;animation:none"></rect></g></g>
<g transform="matrix(1,0,0,1,403.5217590332031,0)" style="transform:matrix(1, 0, 0, 1, 403.522, 0);;animation:none"><g class="ld ld-fall2" style="animation-delay:-1.48759s;animation-duration:2s;animation-play-state:paused;transform:matrix3d(0.404744, 0.871656, -0.276401, 0, -0.276401, 0.404744, 0.871656, 0, 0.871656, -0.276401, 0.404744, 0, 0, 686.995, 0, 1);;animation:none"><rect fill="#a3e048" height="8.546623058691281" width="10.462050639312283" y="-4.273311529345641" x="-5.231025319656141" style="transform:matrix(3.05467, 0, 0, 3.05467, 0, 0);fill:rgb(163, 224, 72);;animation:none"></rect></g></g>
<g transform="matrix(1,0,0,1,179.22573852539062,0)" style="transform:matrix(1, 0, 0, 1, 179.226, 0);;animation:none"><g class="ld ld-fall2" style="animation-delay:-0.968854s;animation-duration:2s;animation-play-state:paused;transform:matrix3d(-0.304929, 0.819195, 0.485734, 0, 0.485734, -0.304929, 0.819195, 0, 0.819195, 0.485734, -0.304929, 0, 0, 447.155, 0, 1);;animation:none"><rect fill="#4355db" height="7.778857279588878" width="9.480925750490549" y="-3.889428639794439" x="-4.740462875245274" style="transform:matrix(2.01901, 0, 0, 2.01901, 0, 0);fill:rgb(67, 85, 219);;animation:none"></rect></g></g>
<g transform="matrix(1,0,0,1,462.8401794433594,0)" style="transform:matrix(1, 0, 0, 1, 462.84, 0);;animation:none"><g class="ld ld-fall2" style="animation-delay:-0.694259s;animation-duration:2s;animation-play-state:paused;transform:matrix3d(0.976588, 0.163367, -0.139955, 0, -0.139955, 0.976588, 0.163367, 0, 0.163367, -0.139955, 0.976588, 0, 0, 320.682, 0, 1);;animation:none"><rect fill="#e6261f" height="9.662761159656887" width="7.1502602024627695" y="-4.831380579828443" x="-3.5751301012313847" style="transform:matrix(1.64696, 0, 0, 1.64696, 0, 0);fill:rgb(230, 38, 31);;animation:none"></rect></g></g>
<g transform="matrix(1,0,0,1,555.7725219726562,0)" style="transform:matrix(1, 0, 0, 1, 555.773, 0);;animation:none"><g class="ld ld-fall2" style="animation-delay:-0.814047s;animation-duration:2s;animation-play-state:paused;transform:matrix3d(0.451552, 0.842424, -0.293976, 0, -0.293976, 0.451552, 0.842424, 0, 0.842424, -0.293976, 0.451552, 0, 0, 375.854, 0, 1);;animation:none"><rect fill="#4355db" height="9.181907314263103" width="9.119093175519936" y="-4.590953657131552" x="-4.559546587759968" style="transform:matrix(2.05838, 0, 0, 2.05838, 0, 0);fill:rgb(67, 85, 219);;animation:none"></rect></g></g>
<g transform="matrix(1,0,0,1,228.073974609375,0)" style="transform:matrix(1, 0, 0, 1, 228.074, 0);;animation:none"><g class="ld ld-fall2" style="animation-delay:-1.98569s;animation-duration:2s;animation-play-state:paused;transform:matrix3d(0.99397, -0.0744616, 0.0804915, 0, 0.0804915, 0.99397, -0.0744616, 0, -0.0744616, 0.0804915, 0.99397, 0, 0, 916.409, 0, 1);;animation:none"><rect fill="#a3e048" height="6.987176920937962" width="7.045116566863409" y="-3.493588460468981" x="-3.5225582834317044" style="transform:matrix(3.29856, 0, 0, 3.29856, 0, 0);fill:rgb(163, 224, 72);;animation:none"></rect></g></g>
<g transform="matrix(1,0,0,1,1427.3551025390625,0)" style="transform:matrix(1, 0, 0, 1, 1427.36, 0);;animation:none"><g class="ld ld-fall2" style="animation-delay:-1.67117s;animation-duration:2s;animation-play-state:paused;transform:matrix3d(-0.332545, 0.638208, 0.694337, 0, 0.694337, -0.332545, 0.638208, 0, 0.638208, 0.694337, -0.332545, 0, 0, 771.548, 0, 1);;animation:none"><rect fill="#34bbe6" height="6.1101515043421415" width="7.595017248868796" y="-3.0550757521710707" x="-3.797508624434398" style="transform:matrix(2.16619, 0, 0, 2.16619, 0, 0);fill:rgb(52, 187, 230);;animation:none"></rect></g></g>
<g transform="matrix(1,0,0,1,1861.4781494140625,0)" style="transform:matrix(1, 0, 0, 1, 1861.48, 0);;animation:none"><g class="ld ld-fall2" style="animation-delay:-1.28504s;animation-duration:4s;animation-play-state:paused;transform:matrix3d(0.983807, -0.118379, 0.134571, 0, 0.134571, 0.983807, -0.118379, 0, -0.118379, 0.134571, 0.983807, 0, 0, 296.852, 0, 1);;animation:none"><rect fill="#a3e048" height="7.214228516043018" width="11.619546947926528" y="-3.607114258021509" x="-5.809773473963264" style="transform:matrix(2.35437, 0, 0, 2.35437, 0, 0);fill:rgb(163, 224, 72);;animation:none"></rect></g></g>
<g transform="matrix(1,0,0,1,875.0614013671875,0)" style="transform:matrix(1, 0, 0, 1, 875.061, 0);;animation:none"><g class="ld ld-fall2" style="animation-delay:-0.957009s;animation-duration:2s;animation-play-state:paused;transform:matrix3d(-0.279566, 0.866937, 0.41263, 0, 0.41263, -0.279566, 0.866937, 0, 0.866937, 0.41263, -0.279566, 0, 0, 441.699, 0, 1);;animation:none"><rect fill="#a3e048" height="8.089932614454478" width="6.0250014633928375" y="-4.044966307227239" x="-3.0125007316964187" style="transform:matrix(2.37198, 0, 0, 2.37198, 0, 0);fill:rgb(163, 224, 72);;animation:none"></rect></g></g>
<g transform="matrix(1,0,0,1,849.3795166015625,0)" style="transform:matrix(1, 0, 0, 1, 849.38, 0);;animation:none"><g class="ld ld-fall2" style="animation-delay:-0.89715s;animation-duration:2s;animation-play-state:paused;transform:matrix3d(-0.0449596, 0.997879, 0.0470808, 0, 0.0470808, -0.0449596, 0.997879, 0, 0.997879, 0.0470808, -0.0449596, 0, 0, 414.129, 0, 1);;animation:none"><rect fill="#eb7532" height="10.989629869540046" width="8.484061626061074" y="-5.494814934770023" x="-4.242030813030537" style="transform:matrix(1.50286, 0, 0, 1.50286, 0, 0);fill:rgb(235, 117, 50);;animation:none"></rect></g></g>
<g transform="matrix(1,0,0,1,131.20309448242188,0)" style="transform:matrix(1, 0, 0, 1, 131.203, 0);;animation:none"><g class="ld ld-fall2" style="animation-delay:-3.75667s;animation-duration:4s;animation-play-state:paused;transform:matrix3d(0.609076, -0.330188, 0.721112, 0, 0.721112, 0.609076, -0.330188, 0, -0.330188, 0.721112, 0.609076, 0, 0, 866.964, 0, 1);;animation:none"><rect fill="#f7d038" height="10.567426021555526" width="10.70791378069096" y="-5.283713010777763" x="-5.35395689034548" style="transform:matrix(2.18548, 0, 0, 2.18548, 0, 0);fill:rgb(247, 208, 56);;animation:none"></rect></g></g>
<g transform="matrix(1,0,0,1,488.74688720703125,0)" style="transform:matrix(1, 0, 0, 1, 488.747, 0);;animation:none"><g class="ld ld-fall2" style="animation-delay:-3.05161s;animation-duration:4s;animation-play-state:paused;transform:matrix3d(0.167024, 0.975585, -0.142609, 0, -0.142609, 0.167024, 0.975585, 0, 0.975585, -0.142609, 0.167024, 0, 0, 704.596, 0, 1);;animation:none"><rect fill="#4355db" height="7.183747593505264" width="11.746862076468691" y="-3.591873796752632" x="-5.8734310382343455" style="transform:matrix(1.80423, 0, 0, 1.80423, 0, 0);fill:rgb(67, 85, 219);;animation:none"></rect></g></g>
<g transform="matrix(1,0,0,1,1074.1285400390625,0)" style="transform:matrix(1, 0, 0, 1, 1074.13, 0);;animation:none"><g class="ld ld-fall2" style="animation-delay:-3.69731s;animation-duration:4s;animation-play-state:paused;transform:matrix3d(0.431146, -0.286675, 0.855529, 0, 0.855529, 0.431146, -0.286675, 0, -0.286675, 0.855529, 0.431146, 0, 0, 853.294, 0, 1);;animation:none"><rect fill="#eb7532" height="9.172131399539184" width="11.654117287405853" y="-4.586065699769592" x="-5.827058643702927" style="transform:matrix(3.03745, 0, 0, 3.03745, 0, 0);fill:rgb(235, 117, 50);;animation:none"></rect></g></g></g>

  
<g transform="matrix(1,0,0,1,0,-170.75640869140625)" style="transform:matrix(1, 0, 0, 1, 0, -170.756);;animation:none"><g transform="matrix(1,0,0,1,1717.769287109375,0)" style="transform:matrix(1, 0, 0, 1, 1717.77, 0);;animation:none"><g class="ld ld-fall" style="animation-delay:-3.91151s;animation-duration:4s;animation-play-state:paused;transform:matrix3d(0.943097, -0.204947, 0.26185, 0, 0.26185, 0.943097, -0.204947, 0, -0.204947, 0.26185, 0.943097, 0, 0, 902.622, 0, 1);;animation:none"><rect fill="#a3e048" height="10.485251486549897" width="8.359040642939725" y="-5.242625743274949" x="-4.179520321469862" style="transform:matrix(3.09343, 0, 0, 3.09343, 0, 0);fill:rgb(163, 224, 72);;animation:none"></rect></g></g>
<g transform="matrix(1,0,0,1,794.0107421875,0)" style="transform:matrix(1, 0, 0, 1, 794.011, 0);;animation:none"><g class="ld ld-fall" style="animation-delay:-0.688237s;animation-duration:4s;animation-play-state:paused;transform:matrix3d(-0.329007, 0.598836, 0.730171, 0, 0.730171, -0.329007, 0.598836, 0, 0.598836, 0.730171, -0.329007, 0, 0, 159.415, 0, 1);;animation:none"><rect fill="#4355db" height="7.408926600079479" width="10.685950511699318" y="-3.7044633000397393" x="-5.342975255849659" style="transform:matrix(3.19938, 0, 0, 3.19938, 0, 0);fill:rgb(67, 85, 219);;animation:none"></rect></g></g>
<g transform="matrix(1,0,0,1,122.83800506591797,0)" style="transform:matrix(1, 0, 0, 1, 122.838, 0);;animation:none"><g class="ld ld-fall" style="animation-delay:-1.60906s;animation-duration:2s;animation-play-state:paused;transform:matrix3d(-0.239983, 0.914634, 0.325349, 0, 0.325349, -0.239983, 0.914634, 0, 0.914634, 0.325349, -0.239983, 0, 0, 742.941, 0, 1);;animation:none"><rect fill="#eb7532" height="8.845119245362067" width="11.098743968983523" y="-4.4225596226810335" x="-5.549371984491762" style="transform:matrix(3.35618, 0, 0, 3.35618, 0, 0);fill:rgb(235, 117, 50);;animation:none"></rect></g></g>
<g transform="matrix(1,0,0,1,1719.584716796875,0)" style="transform:matrix(1, 0, 0, 1, 1719.58, 0);;animation:none"><g class="ld ld-fall" style="animation-delay:-0.853741s;animation-duration:2s;animation-play-state:paused;transform:matrix3d(0.204097, 0.964349, -0.168447, 0, -0.168447, 0.204097, 0.964349, 0, 0.964349, -0.168447, 0.204097, 0, 0, 394.136, 0, 1);;animation:none"><rect fill="#4355db" height="8.481009958634184" width="9.945282484905848" y="-4.240504979317092" x="-4.972641242452924" style="transform:matrix(1.52424, 0, 0, 1.52424, 0, 0);fill:rgb(67, 85, 219);;animation:none"></rect></g></g>
<g transform="matrix(1,0,0,1,914.5466918945312,0)" style="transform:matrix(1, 0, 0, 1, 914.547, 0);;animation:none"><g class="ld ld-fall" style="animation-delay:-3.11059s;animation-duration:4s;animation-play-state:paused;transform:matrix3d(-0.00340635, 0.999988, 0.00341799, 0, 0.00341799, -0.00340635, 0.999988, 0, 0.999988, 0.00341799, -0.00340635, 0, 0, 718.178, 0, 1);;animation:none"><rect fill="#d23be7" height="7.1600256873779085" width="8.286952781489752" y="-3.5800128436889542" x="-4.143476390744876" style="transform:matrix(1.6819, 0, 0, 1.6819, 0, 0);fill:rgb(210, 59, 231);;animation:none"></rect></g></g>
<g transform="matrix(1,0,0,1,1815.892822265625,0)" style="transform:matrix(1, 0, 0, 1, 1815.89, 0);;animation:none"><g class="ld ld-fall" style="animation-delay:-0.977186s;animation-duration:2s;animation-play-state:paused;transform:matrix3d(-0.318043, 0.781965, 0.536078, 0, 0.536078, -0.318043, 0.781965, 0, 0.781965, 0.536078, -0.318043, 0, 0, 450.992, 0, 1);;animation:none"><rect fill="#4355db" height="9.662433965107141" width="7.212244191752564" y="-4.8312169825535705" x="-3.606122095876282" style="transform:matrix(2.86961, 0, 0, 2.86961, 0, 0);fill:rgb(67, 85, 219);;animation:none"></rect></g></g>
<g transform="matrix(1,0,0,1,412.3966979980469,0)" style="transform:matrix(1, 0, 0, 1, 412.397, 0);;animation:none"><g class="ld ld-fall" style="animation-delay:-1.77152s;animation-duration:4s;animation-play-state:paused;transform:matrix3d(0.0159074, 0.999751, -0.0156582, 0, -0.0156582, 0.0159074, 0.999751, 0, 0.999751, -0.0156582, 0.0159074, 0, 0, 408.883, 0, 1);;animation:none"><rect fill="#d23be7" height="9.123641465391708" width="10.90075573439506" y="-4.561820732695854" x="-5.45037786719753" style="transform:matrix(2.05616, 0, 0, 2.05616, 0, 0);fill:rgb(210, 59, 231);;animation:none"></rect></g></g>
<g transform="matrix(1,0,0,1,655.112060546875,0)" style="transform:matrix(1, 0, 0, 1, 655.112, 0);;animation:none"><g class="ld ld-fall" style="animation-delay:-0.379539s;animation-duration:2s;animation-play-state:paused;transform:matrix3d(-0.267789, 0.384249, 0.883539, 0, 0.883539, -0.267789, 0.384249, 0, 0.384249, 0.883539, -0.267789, 0, 0, 175.729, 0, 1);;animation:none"><rect fill="#34bbe6" height="11.224555939658291" width="10.02408012637714" y="-5.612277969829146" x="-5.01204006318857" style="transform:matrix(1.86939, 0, 0, 1.86939, 0, 0);fill:rgb(52, 187, 230);;animation:none"></rect></g></g>
<g transform="matrix(1,0,0,1,835.1155395507812,0)" style="transform:matrix(1, 0, 0, 1, 835.116, 0);;animation:none"><g class="ld ld-fall" style="animation-delay:-1.23501s;animation-duration:4s;animation-play-state:paused;transform:matrix3d(0.931839, -0.220235, 0.288396, 0, 0.288396, 0.931839, -0.220235, 0, -0.220235, 0.288396, 0.931839, 0, 0, 285.331, 0, 1);;animation:none"><rect fill="#e6261f" height="9.162920482196062" width="9.981799947797679" y="-4.581460241098031" x="-4.9908999738988395" style="transform:matrix(1.952, 0, 0, 1.952, 0, 0);fill:rgb(230, 38, 31);;animation:none"></rect></g></g>
<g transform="matrix(1,0,0,1,1883.1427001953125,0)" style="transform:matrix(1, 0, 0, 1, 1883.14, 0);;animation:none"><g class="ld ld-fall" style="animation-delay:-2.27012s;animation-duration:4s;animation-play-state:paused;transform:matrix3d(0.140927, -0.123246, 0.982319, 0, 0.982319, 0.140927, -0.123246, 0, -0.123246, 0.982319, 0.140927, 0, 0, 524.081, 0, 1);;animation:none"><rect fill="#a3e048" height="10.588256955135337" width="6.935842662331415" y="-5.294128477567669" x="-3.4679213311657073" style="transform:matrix(2.99379, 0, 0, 2.99379, 0, 0);fill:rgb(163, 224, 72);;animation:none"></rect></g></g>
<g transform="matrix(1,0,0,1,623.0783081054688,0)" style="transform:matrix(1, 0, 0, 1, 623.078, 0);;animation:none"><g class="ld ld-fall" style="animation-delay:-1.3428s;animation-duration:2s;animation-play-state:paused;transform:matrix3d(0.996563, 0.0602674, -0.0568306, 0, -0.0568306, 0.996563, 0.0602674, 0, 0.0602674, -0.0568306, 0.996563, 0, 0, 620.308, 0, 1);;animation:none"><rect fill="#34bbe6" height="8.043652487001772" width="10.834488006184076" y="-4.021826243500886" x="-5.417244003092038" style="transform:matrix(2.78554, 0, 0, 2.78554, 0, 0);fill:rgb(52, 187, 230);;animation:none"></rect></g></g>
<g transform="matrix(1,0,0,1,972.1256103515625,0)" style="transform:matrix(1, 0, 0, 1, 972.126, 0);;animation:none"><g class="ld ld-fall" style="animation-delay:-1.75615s;animation-duration:2s;animation-play-state:paused;transform:matrix3d(-0.107682, 0.120872, 0.98681, 0, 0.98681, -0.107682, 0.120872, 0, 0.120872, 0.98681, -0.107682, 0, 0, 810.688, 0, 1);;animation:none"><rect fill="#e6261f" height="6.88879899835128" width="9.863166696830817" y="-3.44439949917564" x="-4.931583348415408" style="transform:matrix(1.78947, 0, 0, 1.78947, 0, 0);fill:rgb(230, 38, 31);;animation:none"></rect></g></g>
<g transform="matrix(1,0,0,1,1391.2095947265625,0)" style="transform:matrix(1, 0, 0, 1, 1391.21, 0);;animation:none"><g class="ld ld-fall" style="animation-delay:-1.29399s;animation-duration:2s;animation-play-state:paused;transform:matrix3d(0.957341, -0.18188, 0.224539, 0, 0.224539, 0.957341, -0.18188, 0, -0.18188, 0.224539, 0.957341, 0, 0, 597.721, 0, 1);;animation:none"><rect fill="#a3e048" height="7.824028473987837" width="6.088687367219395" y="-3.9120142369939184" x="-3.0443436836096973" style="transform:matrix(1.95102, 0, 0, 1.95102, 0, 0);fill:rgb(163, 224, 72);;animation:none"></rect></g></g>
<g transform="matrix(1,0,0,1,403.5217590332031,0)" style="transform:matrix(1, 0, 0, 1, 403.522, 0);;animation:none"><g class="ld ld-fall" style="animation-delay:-1.48759s;animation-duration:2s;animation-play-state:paused;transform:matrix3d(0.404744, 0.871656, -0.276401, 0, -0.276401, 0.404744, 0.871656, 0, 0.871656, -0.276401, 0.404744, 0, 0, 686.995, 0, 1);;animation:none"><rect fill="#a3e048" height="8.546623058691281" width="10.462050639312283" y="-4.273311529345641" x="-5.231025319656141" style="transform:matrix(3.05467, 0, 0, 3.05467, 0, 0);fill:rgb(163, 224, 72);;animation:none"></rect></g></g>
<g transform="matrix(1,0,0,1,179.22573852539062,0)" style="transform:matrix(1, 0, 0, 1, 179.226, 0);;animation:none"><g class="ld ld-fall" style="animation-delay:-0.968854s;animation-duration:2s;animation-play-state:paused;transform:matrix3d(-0.304929, 0.819195, 0.485734, 0, 0.485734, -0.304929, 0.819195, 0, 0.819195, 0.485734, -0.304929, 0, 0, 447.155, 0, 1);;animation:none"><rect fill="#4355db" height="7.778857279588878" width="9.480925750490549" y="-3.889428639794439" x="-4.740462875245274" style="transform:matrix(2.01901, 0, 0, 2.01901, 0, 0);fill:rgb(67, 85, 219);;animation:none"></rect></g></g>
<g transform="matrix(1,0,0,1,462.8401794433594,0)" style="transform:matrix(1, 0, 0, 1, 462.84, 0);;animation:none"><g class="ld ld-fall" style="animation-delay:-0.694259s;animation-duration:2s;animation-play-state:paused;transform:matrix3d(0.976588, 0.163367, -0.139955, 0, -0.139955, 0.976588, 0.163367, 0, 0.163367, -0.139955, 0.976588, 0, 0, 320.682, 0, 1);;animation:none"><rect fill="#e6261f" height="9.662761159656887" width="7.1502602024627695" y="-4.831380579828443" x="-3.5751301012313847" style="transform:matrix(1.64696, 0, 0, 1.64696, 0, 0);fill:rgb(230, 38, 31);;animation:none"></rect></g></g>
<g transform="matrix(1,0,0,1,555.7725219726562,0)" style="transform:matrix(1, 0, 0, 1, 555.773, 0);;animation:none"><g class="ld ld-fall" style="animation-delay:-0.814047s;animation-duration:2s;animation-play-state:paused;transform:matrix3d(0.451552, 0.842424, -0.293976, 0, -0.293976, 0.451552, 0.842424, 0, 0.842424, -0.293976, 0.451552, 0, 0, 375.854, 0, 1);;animation:none"><rect fill="#4355db" height="9.181907314263103" width="9.119093175519936" y="-4.590953657131552" x="-4.559546587759968" style="transform:matrix(2.05838, 0, 0, 2.05838, 0, 0);fill:rgb(67, 85, 219);;animation:none"></rect></g></g>
<g transform="matrix(1,0,0,1,228.073974609375,0)" style="transform:matrix(1, 0, 0, 1, 228.074, 0);;animation:none"><g class="ld ld-fall" style="animation-delay:-1.98569s;animation-duration:2s;animation-play-state:paused;transform:matrix3d(0.99397, -0.0744616, 0.0804915, 0, 0.0804915, 0.99397, -0.0744616, 0, -0.0744616, 0.0804915, 0.99397, 0, 0, 916.409, 0, 1);;animation:none"><rect fill="#a3e048" height="6.987176920937962" width="7.045116566863409" y="-3.493588460468981" x="-3.5225582834317044" style="transform:matrix(3.29856, 0, 0, 3.29856, 0, 0);fill:rgb(163, 224, 72);;animation:none"></rect></g></g>
<g transform="matrix(1,0,0,1,1427.3551025390625,0)" style="transform:matrix(1, 0, 0, 1, 1427.36, 0);;animation:none"><g class="ld ld-fall" style="animation-delay:-1.67117s;animation-duration:2s;animation-play-state:paused;transform:matrix3d(-0.332545, 0.638208, 0.694337, 0, 0.694337, -0.332545, 0.638208, 0, 0.638208, 0.694337, -0.332545, 0, 0, 771.548, 0, 1);;animation:none"><rect fill="#34bbe6" height="6.1101515043421415" width="7.595017248868796" y="-3.0550757521710707" x="-3.797508624434398" style="transform:matrix(2.16619, 0, 0, 2.16619, 0, 0);fill:rgb(52, 187, 230);;animation:none"></rect></g></g>
<g transform="matrix(1,0,0,1,1861.4781494140625,0)" style="transform:matrix(1, 0, 0, 1, 1861.48, 0);;animation:none"><g class="ld ld-fall" style="animation-delay:-1.28504s;animation-duration:4s;animation-play-state:paused;transform:matrix3d(0.983807, -0.118379, 0.134571, 0, 0.134571, 0.983807, -0.118379, 0, -0.118379, 0.134571, 0.983807, 0, 0, 296.852, 0, 1);;animation:none"><rect fill="#a3e048" height="7.214228516043018" width="11.619546947926528" y="-3.607114258021509" x="-5.809773473963264" style="transform:matrix(2.35437, 0, 0, 2.35437, 0, 0);fill:rgb(163, 224, 72);;animation:none"></rect></g></g>
<g transform="matrix(1,0,0,1,875.0614013671875,0)" style="transform:matrix(1, 0, 0, 1, 875.061, 0);;animation:none"><g class="ld ld-fall" style="animation-delay:-0.957009s;animation-duration:2s;animation-play-state:paused;transform:matrix3d(-0.279566, 0.866937, 0.41263, 0, 0.41263, -0.279566, 0.866937, 0, 0.866937, 0.41263, -0.279566, 0, 0, 441.699, 0, 1);;animation:none"><rect fill="#a3e048" height="8.089932614454478" width="6.0250014633928375" y="-4.044966307227239" x="-3.0125007316964187" style="transform:matrix(2.37198, 0, 0, 2.37198, 0, 0);fill:rgb(163, 224, 72);;animation:none"></rect></g></g>
<g transform="matrix(1,0,0,1,849.3795166015625,0)" style="transform:matrix(1, 0, 0, 1, 849.38, 0);;animation:none"><g class="ld ld-fall" style="animation-delay:-0.89715s;animation-duration:2s;animation-play-state:paused;transform:matrix3d(-0.0449596, 0.997879, 0.0470808, 0, 0.0470808, -0.0449596, 0.997879, 0, 0.997879, 0.0470808, -0.0449596, 0, 0, 414.129, 0, 1);;animation:none"><rect fill="#eb7532" height="10.989629869540046" width="8.484061626061074" y="-5.494814934770023" x="-4.242030813030537" style="transform:matrix(1.50286, 0, 0, 1.50286, 0, 0);fill:rgb(235, 117, 50);;animation:none"></rect></g></g>
<g transform="matrix(1,0,0,1,131.20309448242188,0)" style="transform:matrix(1, 0, 0, 1, 131.203, 0);;animation:none"><g class="ld ld-fall" style="animation-delay:-3.75667s;animation-duration:4s;animation-play-state:paused;transform:matrix3d(0.609076, -0.330188, 0.721112, 0, 0.721112, 0.609076, -0.330188, 0, -0.330188, 0.721112, 0.609076, 0, 0, 866.964, 0, 1);;animation:none"><rect fill="#f7d038" height="10.567426021555526" width="10.70791378069096" y="-5.283713010777763" x="-5.35395689034548" style="transform:matrix(2.18548, 0, 0, 2.18548, 0, 0);fill:rgb(247, 208, 56);;animation:none"></rect></g></g>
<g transform="matrix(1,0,0,1,488.74688720703125,0)" style="transform:matrix(1, 0, 0, 1, 488.747, 0);;animation:none"><g class="ld ld-fall" style="animation-delay:-3.05161s;animation-duration:4s;animation-play-state:paused;transform:matrix3d(0.167024, 0.975585, -0.142609, 0, -0.142609, 0.167024, 0.975585, 0, 0.975585, -0.142609, 0.167024, 0, 0, 704.596, 0, 1);;animation:none"><rect fill="#4355db" height="7.183747593505264" width="11.746862076468691" y="-3.591873796752632" x="-5.8734310382343455" style="transform:matrix(1.80423, 0, 0, 1.80423, 0, 0);fill:rgb(67, 85, 219);;animation:none"></rect></g></g>
<g transform="matrix(1,0,0,1,1074.1285400390625,0)" style="transform:matrix(1, 0, 0, 1, 1074.13, 0);;animation:none"><g class="ld ld-fall" style="animation-delay:-3.69731s;animation-duration:4s;animation-play-state:paused;transform:matrix3d(0.431146, -0.286675, 0.855529, 0, 0.855529, 0.431146, -0.286675, 0, -0.286675, 0.855529, 0.431146, 0, 0, 853.294, 0, 1);;animation:none"><rect fill="#eb7532" height="9.172131399539184" width="11.654117287405853" y="-4.586065699769592" x="-5.827058643702927" style="transform:matrix(3.03745, 0, 0, 3.03745, 0, 0);fill:rgb(235, 117, 50);;animation:none"></rect></g></g></g>
<g></g></g><!-- [ldio] generated by https://loading.io --></svg>